%YAML:1.0
---
cameraMatrixL: !!opencv-matrix
   rows: 3
   cols: 3
   dt: d
   data: [ 1.8493000000000000e+03, 0., 6.6750000000000000e+02, 0., 1849.,
       3.3139999999999998e+02, 0., 0., 1. ]
distCoeffL: !!opencv-matrix
   rows: 5
   cols: 1
   dt: d
   data: [ -5.6950000000000001e-01, -5.3280000000000005e-01,
       -4.5393100000000004e-03, 0., 0. ]
Rl: !!opencv-matrix
   rows: 3
   cols: 3
   dt: d
   data: [ 9.9909646574696331e-01, -1.2871006436837100e-02,
       4.0504188983733154e-02, 1.1919438529729908e-02,
       9.9964929937326152e-01, 2.3647520962741080e-02,
       -4.0794351533797735e-02, -2.3143367426763675e-02,
       9.9889949716029314e-01 ]
Pl: !!opencv-matrix
   rows: 3
   cols: 4
   dt: d
   data: [ 2.1154247180992306e+03, 0., 5.5907173538208008e+02, 0., 0.,
       2.1154247180992306e+03, 3.2408897018432617e+02, 0., 0., 0., 1.,
       0. ]
cameraMatrixR: !!opencv-matrix
   rows: 3
   cols: 3
   dt: d
   data: [ 1.9144000000000001e+03, 0., 6.3710000000000002e+02, 0.,
       1.9115000000000000e+03, 3.3030000000000001e+02, 0., 0., 1. ]
distCoeffR: !!opencv-matrix
   rows: 5
   cols: 1
   dt: d
   data: [ -7.9379999999999995e-01, 9.6109999999999995e-01,
       -1.0999999999999998e-03, 0., 0. ]
Rr: !!opencv-matrix
   rows: 3
   cols: 3
   dt: d
   data: [ 9.9791947543973103e-01, 1.2919434590278733e-03,
       6.4459688334576590e-02, 2.1759961110395115e-04,
       9.9972602094641794e-01, -2.3405890135852460e-02,
       -6.4472266816836252e-02, 2.3371220009683336e-02,
       9.9764578527990455e-01 ]
Pr: !!opencv-matrix
   rows: 3
   cols: 4
   dt: d
   data: [ 2.1154247180992306e+03, 0., 5.5907173538208008e+02,
       -4.1082297995499102e+05, 0., 2.1154247180992306e+03,
       3.2408897018432617e+02, 0., 0., 0., 1., 0. ]
Q: !!opencv-matrix
   rows: 4
   cols: 4
   dt: d
   data: [ 1., 0., 0., -5.5907173538208008e+02, 0., 1., 0.,
       -3.2408897018432617e+02, 0., 0., 0., 2.1154247180992306e+03, 0.,
       0., 5.1492365844067241e-03, 0. ]
